9908621
5355850
7047356
2693450
4137903
4242315
8393922
11858293
4141155
8451410
9823602
3238073
9020199
8329014
11569628
5964794
8228729
7976783
8552907
6302592
11044547
8648356
9410527
11658996
11954651
8330740
9588953
3456100
5647010
8460126
5123889
10615125
6721089
7297189
8869892
6468146
10814711
6304420
6675944
12067780
8110941
11468863
2304235
8357961
7454990
10264728
9244177
8458690
5785707
10990961
9612697
6584042
9391395
11710462
8745556
5038469
8572324
8255272
8772391
7984934
6065651
8247116
8382172
7948091
3868284
7283317
6976420
4840675
7761855
9488445
10019347
2714807
6870432
9776816
5021024
8516686
4072582
6220010
6228371
8640132
10921757
6187665
8630254
4473450
11718839
5080290
9226081
6228306
11153259
7765684
4756040
12688835
5989856
8842494
8444802
9288444
10417135
8626462
8177748
7458697
6757160
6344431
7842328
9303041
7687374
9913819
9119402
7265427
11193046
8395203
7048016
6635493
4547067
9536515
9612468
4271930
2857323
8243190
11232111
4651526
6467726
6428925
8461125
10918393
9664869
7748238
6314475
10224920
3975085
2162904
11410915
6206627
9594022
1718594
9650501
9714209
5376614
12784394
9532168
3356155
4269337
4556345
6848661
10489311
11708238
6387579
6967360
12073683
8322861
5390069
8510534
4079482
8649814
4773851
2438249
4927985
8655712
8574652
8974140
5461501
11509728
7878396
3851151
8092865
5632093
8881697
8653100
4927495
4243668
9490067
5185032
2579906
9265050
8103917
9473000
2974815
11619861
9364179
7368960
8046010
7601767
11497012
7118167
10598894
7900367
9936518
8264657
5480730
6357795
6966869
4054968
10684673
10549292
8043436
7778980
12508348
8351778
1430590
6935101
3854031
6579643
7971008
9716947
8087018
8906294
8523595
4243984
4374812
11821140
1571717
9241509
8396791
11872848
2718944
7287118
8507325
6672071
10936474
5561007
5027750
8314525
8585472
4252716
9291618
5979866
8454553
9716528
4358571
9429060
8750446
8331919
9174121
6271512
3346027
5872972
3855001
4177905
6862840
7836868
5557072
7533694
6635026
7533425
9228115
8777843
4769505
11090405
5200084
9244992
11624191
7301202
4679528
6522823
11607193
11919968
11461134
6057401
3647114
7699056
4946956
10415087
9895543
3853654
11770258
8129631
4476186
3763579
9655169
6844024
11972526
4649462
12117689
6211901
12165113
10289211
11665531
2714707
4861194
7351433
6619377
9837573
10988009
9594744
8712760
7938179
8916266
8196840
3323168
9344572
5721610
9655438
11649459
3561700
11558455
10647493
5608334
7547306
7975162
6451876
9178501
8190872
4648848
9453452
10159927
6974111
9953617
2571868
9849107
10729645
3441784
10489373
6791090
8106371
8046934
8173017
5358323
10734935
4381221
5281281
5396265
8264698
3456605
7385500
5649964
7841434
7621759
6289468
11823661
6385010
1573174
8150307
9509296
5476864
8264674
3245420
7878789
12217281
11036440
9239211
6428932
9075949
8036315
5567499
7018170
9970841
3852644
6290411
8560867
5892969
6284363
8197220
3223460
5807415
8391086
5511537
5783203
11700604
4763381
5480114
3441159
8174267
9818160
3747373
12400984
6356928
9892624
8758366
5688919
11714150
3861139
8773961
8329629
9910533
5272673
9650390
8265022
4377815
9156808
8315263
8442040
8282338
5954264
5475187
8248182
7548259
7300387
10087801
5042785
11152054
11972387
3455863
4752731
5721628
8580028
4932657
4945107
8299332
11469049
8626219
7733685
1572768
8847349
5980555
5717140
5220979
4072890
11464245
5308052
10056931
10213964
7731467
10582000
5476273
10276126
10753246
4480321
8042044
8646235
5304819
9655514
5474424
7465364
11759297
8246833
2995931
4276002
5648562
5088308
7595579
10154966
4937872
3440495
8453431
5981039
5554685
5988140
8322243
5297343
9791112
5212962
8915335
12602250
9596300
10004660
5903062
8520433
11413125
8782561
9758615
9762866
9084373
8330778
11044384
11296437
5880360
10417986
7977996
7708315
9426970
9016344
9673293
11182608
7765585
9137447
5253740
5179979
12116239
9706609
11649497
10555142
8311304
11924025
5196851
11602449
4940217
4476836
4774208
7020707
5551220
8963394
11725829
10293818
3219256
5390357
11572666
5802479
10415502
10920447
6381128
9655501
8450600
3437940
2988145
3446837
7908633
9813078
10881855
8265481
11815158
3425802
11612274
4768668
7831302
7827131
9594029
7202395
6784155
10609641
9717861
9392416
5176531
6879594
9966976
9597218
5120165
8426007
6614168
5879187
9730397
8506388
3850810
7456441
5008954
5019567
10664975
1162150
5564600
6671321
7461607
7842286
9093266
4920125
8249829
4456107
6119788
5310172
1573149
8248296
7777435
12885086
2998561
8153747
8386122
9875566
9471399
9529073
5726667
11309335
8259177
8087649
4283747
4281581
5174492
10265524
11548888
9463183
5437206
11306611
6877609
9613175
9052363
10921894
7294135
6446951
11179734
9693282
11606351
10206643
7053456
3346195
4679562
1870849
8429756
8752359
9490042
6442207
8695628
5459908
8960514
1431794
1294670
7060333
9823652
6891998
8972966
8456728
6756386
3952623
8257115
7937097
11093203
11619202
4075685
11183539
10164569
9073007
2297739
5287619
8230025
7354531
3441864
9593997
7204794
7375612
7109598
5444254
6388333
6460258
8323981
10586045
11100331
6290648
9656348
10199055
7204237
3241388
9632537
6432054
12202143
7618364
8908544
12069252
9201644
6206125
9353572
8517859
10346424
9613575
8964755
5880445
5271224
7467185
6792983
7848303
9774314
2985022
3231406
5725809
5284701
7905603
5560556
11145123
5643103
4641555
12020590
3849354
7368590
5771101
6629106
10095496
10154094
8682555
11125764
5212696
7756853
10462980
6696050
4372410
6964804
8972489
8197788
9973036
8452639
5108514
5636882
11909497
3123138
7917485
6508478
9533489
4736562
3760002
8956850
5460900
8247543
3556847
5566536
4273425
6532022
9700145
9838496
6130500
5781774
9844791
4180375
3429637
5435620
9489626
5611160
6947064
5791786
8959745
7955898
8120184
7620654
8292150
9591519
6668729
10065244
11468621
7834612
5298466
8104598
9047103
5737104
9837267
6965789
6546327
6678614
9828226
11206038
6842139
7337156
7959867
2855026
11127190
4999789
6199731
7173839
7700963
8264546
6636041
7989079
7830684
5384653
10616124
3446471
12068180
8264543
3970729
5202905
7624753
5197256
6612353
5904699
8620472
5904928
8524464
2581626
7454979
8056319
8580228
8978630
10361229
3966950
2972005
10974769
9028134
9408694
7685307
9596355
5811357
3338680
2439660
6922690
9963609
4848216
8085273
4174472
9351205
5356665
10297233
6604303
6231451
6229130
3240231
2851278
9655437
9306095
8848942
12016717
10355055
6511019
7430757
11564882
9751996
3239508
7207672
6429742
9606739
6266750
9367382
11260307
3427727
4842057
8914322
7938180
8979487
4374279
10482774
3953144
10815083
5808231
11100532
6390243
5737902
10014649
6467349
4487983
8894630
6715331
4180099
9649801
10056297
9874181
9550886
9450940
10686752
5286485
2718630
6606229
8109934
9724080
8650819
9832497
9845573
6778487
3216518
7337049
9369047
4670388
3127911
6388443
10528873
7973199
7138415
6975466
11355938
4178654
6963490
7848288
7378067
6508203
5895647
6195556
5738127
6273239
5482030
4677684
8751056
9775454
8827407
2707479
3542566
2297728
4269332
11666104
8499639
9246481
7352425
3217554
5950759
9812351
8648251
6522179
3442006
8964935
11619868
4909697
5551625
8113154
8621095
6280952
9598448
7974032
3865991
9300295
12073334
9788612
7108883
6389098
9716667
4649476
8504544
4570326
4390902
9097423
10978178
7902286
11622328
6790335
4570408
10685653
7381616
5475668
5702637
9292463
11395392
9713244
8264550
6937758
5466537
7467539
7662402
7352016
7538950
8027456
9108841
5881108
11146648
8525286
8716028
8155291
4488796
9532644
5446068
7300623
4243461
11519180
11152422
7124161
8625580
4071949
10034489
6803964
1577039
9833280
5560691
11133190
8233072
8127684
3762741
5394574
11624521
6301132
10600540
8608260
3865358
5966237
11771670
10147217
2162283
7461212
9516796
6497003
6806724
9700679
9279862
11872512
5733154
10034227
9077483
3548900
9239681
10549643
11623878
7842621
10811753
5977984
10532771
5900574
7909392
7750215
4668676
11868514
4366913
9552758
9773512
4380834
6310627
4042590
3240556
8883847
10489783
5209712
9118716
11199228
9897089
11760312
2994888
5791884
7915386
3119604
6230921
7301640
5106287
10815466
9092897
5966212
8196777
7904642
10029999
10616138
6716670
8508096
8058127
8265068
7838908
11704101
10550657
5565707
7045685
11100522
8248967
9288175
8493159
8265377
8175177
8259061
10035150
7749552
2439211
10030943
5774557
3641023
9942562
11180361
3337002
7281814
5113557
5542211
9290948
5301101
10790706
3456780
6384854
4253860
8623953
11961072
3340360
9475663
8264801
9115188
8127448
7767699
8639063
3941283
7956461
3440985
7300184
5632912
10813970
5428254
4733344
6952097
5561316
6382916
5638409
7585445
5473171
6448362
4680002
3230884
3941524
6387770
9202969
10936043
5630362
8761309
4484271
9489590
8197355
12603159
9724292
3967333
3529242
5307209
9775385
11822666
11973705
10484817
6381306
8264583
8650712
5265699
1571152
3744309
8390667
5121956
7658578
11666503
9903360
4252757
9288456
8565229
7703305
9111056
3973432
11910642
4466691
9602542
9614153
8460993
8004558
7702705
2283124
10253943
5482510
5724811
10031634
11082830
8196381
8326356
2579147
8430210
9412618
7918737
9655769
11661993
10931805
5295005
10263800
10537528
5964069
11127641
9285587
5019234
6294556
8196006
10035772
8052082
3532510
9551281
10549371
12055345
7918688
5725443
7914906
4930550
9402693
8194874
9172981
10723618
7605527
6033197
6778063
9137819
8330790
7301435
9642894
10744042
10148766
10817600
5645888
5857714
6951231
10727717
5024482
9051487
5526545
4756171
10658802
11357796
4171580
6691244
6153233
11620101
6032172
9791509
6861400
1434660
10604429
5381448
4671225
9209247
4847371
6593488
6595315
9017929
6230529
7352776
8759145
11910256
2581905
6548709
8827821
4947130
9963667
5391416
6293266
8420644
11967758
9754111
3858884
10014604
6805246
7582608
3644116
5631648
10322290
5385754
4851881
9812716
2301163
7583939
1570023
4170631
3942280
7287328
2011424
9413057
9304409
4768919
9487871
4488840
6231538
10220707
3657237
5174920
5856730
6268890
8248630
9395246
6783879
8783270
10080943
6262882
9180906
6756481
9207344
8717065
6451605
10659654
6946681
7838889
10130777
11822789
5620395
6383932
12155426
6366627
6694649
6922995
7547573
9229342
8459354
9242059
4580484
9364192
5786376
6229502
6154326
8560996
9229318
11340713
6041680
10468883
6448173
8826718
9480516
4077275
6209293
10448764
8583770
9895269
3833853
9596469
10451090
8316195
12470709
2717483
9651298
11905761
5206767
8526451
9716256
3454731
4647763
7937494
5534340
11923562
7125970
4587528
8126422
8330712
10208345
10484808
4856630
5651327
8397426
5617259
2303365
5299904
4142768
9288151
4168574
8321604
5880352
9579818
8123377
7691445
6937123
1577912
4180199
9832655
8778483
8579615
4919344
6113864
5479538
9210037
9222942
10002897
8191611
7676610
4141670
12111004
7219251
5965837
3003224
4550962
5900260
9655422
9299980
9724220
6974847
10471914
7977198
12470317
3241199
11513155
9470054
9138872
9302543
4056136
9425403
2554867
7300263
5788165
10424228
8086490
3863594
8244758
6308416
8264494
5991936
5823159
6357702
8388610
4160235
6547396
8524953
9850393
10071056
6387257
8376471
3660828
7551993
9028154
4481700
8264404
6939291
9943441
8424446
11825198
8264949
8264623
5430471
4562615
4670846
11904306
12062443
4274480
8520436
9845907
7289158
4447461
5819178
5960899
11402951
8330102
6196629
7553237
8038609
11025754
9653450
11013201
8456151
5552808
7217483
9242127
9005210
8256643
7604266
9206046
7124680
9578461
9655470
7881722
9970568
10324066
3548369
9165393
10801714
5632197
9655392
2853280
8235853
3942911
2304168
7031107
10678547
4078743
11021188
6058006
4391108
4376648
9776474
6587551
8264492
9655402
7302192
8940640
6707493
9283128
6290877
7881851
8057661
5898780
12013034
7450284
5866555
11506508
3119295
4768611
11294931
5373377
10079420
8265244
8029546
11654267
7551637
5112705
5180796
5727773
6280902
12055866
11825204
9469775
6184298
7583208
8695156
12072666
10580834
3748250
4253413
9028104
9243562
9964619
6511354
2297952
8907618
6854623
8653563
6936178
8054146
7502559
11908559
9366994
8912468
8177179
5541836
7101676
9655444
9896277
5537236
4277242
4459939
1026294
8380389
7538543
10923648
4285359
3650057
10273384
7626595
3341457
8181880
6586052
5481390
8123197
2975832
8023217
4381649
5302006
9954643
10219475
6780873
8045121
3456198
8446738
6522144
2300603
3660006
5651181
4860444
9054553
7181066
7838383
10469984
10788451
6955650
11152649
5025217
5302167
8456774
8981568
5545566
3634384
5296692
6224312
3964082
2168420
11302627
3655115
6444630
10855535
6344429
9580794
11152625
6613627
8352420
5459805
3458318
9945390
7106648
7467518
11823683
8516900
3648131
3869794
11773909
9824673
8082478
7282228
7915458
4472465
11671429
11852985
12353648
12365420
4575908
10035155
4585982
3555191
10783150
9959422
6279388
10538299
5529323
7035099
6142919
9655404
9305952
5722737
10485961
9655909
10612854
5038228
11809179
9291275
8415752
5300719
5219533
8759967
6762992
9826562
7294598
9791381
7915515
7986166
11288686
5978295
6541245
7678385
8914866
8044889
5728217
10134571
6301745
5511363
8976589
2695030
5353653
9425897
7052048
8571529
9488454
11175316
9415300
11666429
6116172
3969800
4044353
8256621
5112836
8396901
7051690
10284901
4930578
4138848
9072011
9428798
11717240
8332193
6697128
6061584
5617255
9836020
2987660
9267042
9776378
7750216
5309849
7047963
4136161
9289960
4355012
8569819
2860851
1026255
4458172
5474427
11565950
8244757
11031749
9636283
8264490
5166960
9343888
1575977
11572046
9402020
5990706
8330910
8362899
5357882
5724810
6761539
6290908
2158208
3731292
11295729
4740125
5305709
10417022
3117511
7954107
3558145
5810113
4852661
8196903
3560660
8261157
8359671
9533449
9614124
8461589
3539869
6720889
9762713
11700599
11772971
4989900
4824290
5389234
9773094
6060309
2450944
3546765
9171954
6470922
10285770
5940273
7598492
7979504
6445601
5475664
7773133
8738244
7522572
5267867
4737731
9837659
6520969
7106205
5119143
12202245
10196863
7779942
5305977
9655393
8701099
8264588
10975247
6697609
10427093
2712821
7950727
5440852
3968961
5393589
4938281
6441258
7899980
5775232
8038679
9331207
5645788
8620684
5978805
5272590
7770282
11027806
11824964
9667584
6067707
5089352
3240550
7816329
7347529
5891975
9760531
7532891
11143576
2583153
8122232
4995588
7211759
11463950
3965201
11723564
9227120
5476495
2583234
12257449
5295234
8912730
3757814
7583437
8264037
6467639
7521682
5302643
4902475
9242383
10777903
9716523
3749833
2167444
4264365
9303033
11508397
7463044
8963002
10590857
8125219
9369547
8312491
9094694
2572386
2575952
6936521
9594915
4043227
5705411
10195926
5443410
4764008
7605152
5964173
8571022
11649699
11906211
12055770
5649177
4588487
8427895
3868588
7697795
6183478
8149341
8310243
10000056
5717449
3347643
4274730
8245366
6922830
2715483
10647611
8563841
10814863
6372320
9604762
7549852
8432962
6048876
6130261
9152634
10489265
11026045
7185924
2300529
11415556
9304923
4857064
7967293
10675762
4903473
5768203
10684587
5816288
9289704
8308688
5558379
2578404
7613422
11769929
3453494
7350486
8453722
4658336
7119530
11700370
11414527
10362577
5735248
6141372
6367159
8429634
9045401
8750029
5891196
7548479
10134800
8098120
11617030
6793409
5641711
5806877
6871350
5553489
4481426
12216817
6139591
6032730
8443311
8321101
2972514
11754974
9526946
10095685
2168333
12166194
6366617
5724440
11027729
9655055
8345453
4264546
6390013
9725543
3761641
6279848
5481482
9324334
6509175
6443122
12215002
7939065
8645874
9710475
8516008
11045341
10989032
5723310
6631188
6311564
6065351
6287172
5196787
4476011
9851822
2855603
7755932
8500899
8330895
9051902
4048494
6290382
10664703
8122433
9836073
5647514
5476854
9305574
5297681
4066203
5650062
7378020
7902035
10407873
6067817
3443127
4077032
7772919
6719266
7212040
7045605
3864417
5609486
10001145
6019416
6222529
9594857
1163943
3966273
5347580
7122746
12647070
5471415
8747415
6464938
7021890
6590403
8439566
9214444
6804821
6865077
6071684
5976681
5304634
5385141
11361739
8174306
8129588
8052353
5811454
8590553
10668233
9453075
6633452
6449081
9630640
11360704
4726268
9839184
6107117
8121586
5618126
2166218
5391338
9655407
4937379
9971786
9050337
10213987
7819024
4662336
4952341
10877182
8328005
5705575
5707205
3444098
8975515
2282763
4569150
5603049
6860968
5544958
4471379
10717871
8123127
11874676
12011260
2719928
8090059
5389856
8187917
8908767
7457355
2018261
12120077
4588073
3248951
6586020
8311110
5177020
11457198
4945346
8845312
9243464
8025357
11495305
5309547
5036037
3966434
6115466
9351622
8314246
6836820
2837174
5397516
6777127
3655513
6951642
10549422
9596093
9230007
10753210
5034039
6294889
8766619
7214475
11197934
9716385
5356349
9898401
6939203
4036687
9651065
9845898
7732458
6875337
9172627
7174372
11285767
2857324
5977736
9143785
4677446
4842166
7137952
8654540
5385469
8975644
2582800
4749989
8556233
4862968
8041675
8819284
10281639
10533616
8144212
11618998
9655177
11826440
6441436
9715359
5168634
6123324
7299869
9450392
4381016
10775968
9026611
3862244
9204718
5892660
7384711
8648866
4574142
4937435
10014548
5370646
11182765
7122166
4156254
4263127
10679429
9655288
2570760
10732638
8197653
10285114
6960727
4951447
8573774
7621172
5722346
8056861
8264824
6227118
10281360
9396399
9666465
10853783
5022451
10451317
3967268
4171102
9488426
6141503
2856756
8589526
4482231
5734003
4919818
7271892
9716220
9895857
4168579
4150611
5617102
4847411
10279745
9764965
5023338
4656194
6302589
8976187
9777351
10652807
9308371
5728843
10258260
11870315
5982378
9655114
3096317
10416779
9108615
8976344
5613879
11044372
4035667
9655346
3247039
4386091
9347095
4737720
6776331
9699950
8933391
9640891
4159118
7668283
10741920
8771498
5809732
7035179
10990083
10226083
3848645
7699276
4473083
6470973
11622535
5725312
11775354
7890222
8570117
9790479
9050577
2694337
3545457
6586333
6670742
7901718
4383955
8191602
4999763
5462692
8123645
5125048
6627367
2310586
8322016
11081490
7617649
5617488
10382922
1576115
7771991
5209910
2583669
5304184
3426991
3120057
3098015
5130650
5018191
8236479
4936524
5020065
10713398
3867256
10749793
6127239
5036493
7770256
10989859
9092529
4863077
10537907
4768677
5737687
7953880
4254741
9301183
8396259
8777609
6226293
7106877
4661660
6463047
8346686
5429163
7917014
9099728
6302655
8022144
5650108
7959886
4383117
5641605
12122075
7668791
11656492
3547523
6871866
3097912
4170639
9178502
7977956
11445913
11183259
4466180
8460683
5611763
10862354
9529640
8332664
9716609
8196911
7219502
9466030
10802820
5724523
7767690
9368220
7621793
6862920
8264972
6060277
9637265
9458275
8381949
5648096
7627570
10990452
7455624
9832727
9700322
8491816
9818269
10977859
4814686
8396062
11975271
9655419
12357103
5716472
5709664
8460081
9656741
1724961
12736056
